0	 4	 25.812500	 3 20.125000	  
1	 1	 32.433036	 3 32.433036	 
0	 4	 55.943452	 3 26.552083	 
0	 2	 46.906250	 3 11.334821	 
1	 3	 25.848214	 3 25.848214	  
0	 0	 9.680556	 3 9.680556	 
1	 0	 38.928571	 3 38.928571	  
1	 1	 13.496528	 3 13.496528	 
1	 1	 62.781250	 3 43.992560	 
0	 1	 28.187500	 3 21.169643	  
1	 4	 55.531250	 3 22.169643	 
0	 1	 29.750000	 3 28.968750	 
0	 1	 51.343750	 3 34.709821	 
0	 1	 38.097222	 3 38.097222	  
1	 2	 36.000000	 3 34.223214	 
0	 4	 27.656250	 3 27.656250	  
1	 1	 19.785714	 3 18.401786	 
1	 1	 69.156250	 3 69.156250	 	 
1	 1	 48.495536	 3 48.495536	 
1	 1	 50.333333	 3 23.910714	 
1	 0	 45.291071	 3 22.107143	  
1	 1	 45.843750	 3 32.562500	 
1	 1	 51.046131	 3 49.888889	 
1	 3	 51.406250	 3 33.812500	 	 
1	 1	 17.843750	 3 17.843750	 
1	 1	 34.531250	 3 14.347222	 
1	 1	 65.897321	 3 62.800000	 
0	 1	 16.416667	 3 6.812500	 
1	 3	 46.430556	 3 31.396329	 	 
0	 2	 18.669643	 3 10.125000	  
0	 1	 4.558036	 3 4.558036	 
0	 1	 41.982143	 3 39.299107	 
1	 1	 55.062500	 3 50.163194	 
1	 1	 25.740079	 3 24.577778	 	 
1	 1	 51.575893	 3 39.526786	 
0	 1	 57.694444	 3 53.756944	 
0	 1	 55.187500	 3 55.187500	  
0	 1	 40.973214	 3 40.973214	 
1	 1	 40.333333	 3 17.583333	 
1	 1	 21.000000	 3 21.000000	 
1	 1	 10.050000	 3 10.050000	 	 
1	 1	 16.770833	 3 14.850694	 
0	 2	 34.511905	 3 22.347222	 
1	 3	 54.594742	 3 35.857639	 
1	 1	 58.282639	 3 38.000000	 
1	 1	 53.850694	 3 30.052083	 
1	 1	 58.562500	 3 49.024306	 
0	 1	 69.101687	 3 43.264881	 
1	 1	 38.857639	 3 38.857639	  
1	 2	 15.495536	 3 15.495536	 
0	 1	 56.420635	 3 56.420635	  
1	 0	 48.600694	 3 48.600694	 
1	 1	 22.531250	 3 21.361111	 
0	 1	 21.256944	 3 16.722222	 	 
1	 1	 45.649306	 3 13.684028	  
1	 1	 50.739583	 3 50.739583	 
0	 1	 32.052083	 3 22.675099	 
0	 0	 68.618056	 3 24.868056	 
0	 1	 11.093750	 3 11.093750	  
0	 1	 54.079861	 3 27.562500	 
1	 1	 38.843750	 3 37.020833	  
0	 1	 45.315972	 3 25.326389	 
0	 2	 42.969246	 3 17.996528	 
1	 1	 69.835417	 3 41.687500	 
0	 1	 54.472222	 3 51.940972	 
1	 1	 69.277778	 3 68.361111	 
1	 1	 58.791667	 3 37.694444	 
1	 1	 51.625000	 3 46.244643	 
0	 0	 48.687500	 3 31.406250	 
0	 0	 11.861607	 3 9.968750	 
1	 0	 12.767857	 3 11.638393	  
1	 1	 48.455357	 3 31.090278	 
0	 1	 52.579861	 3 33.781250	 	 
0	 0	 69.906250	 3 32.973214	 
1	 2	 59.772321	 3 31.704861	 
1	 1	 48.562500	 3 48.562500	 
0	 1	 56.250000	 3 26.875000	 
1	 1	 14.758929	 3 14.758929	 	 
0	 1	 45.598214	 3 23.575397	  
1	 2	 53.245536	 3 33.406250	  
0	 3	 58.144841	 3 4.857143	 
1	 1	 33.770833	3 33.770833	 
1	 1	 58.223214	 3 58.223214	 
1	 2	 69.316964	 3 56.906250	 	 
0	 1	 61.062500	 3 61.062500	  
0	 1	 52.790179	 3 27.218750	 
0	 4	 25.812500	 3 20.125000	  
1	 1	 32.433036	 3 32.433036	 
0	 4	 55.943452	 3 26.552083	 
0	 2	 46.906250	 3 11.334821	 
1	 3	 25.848214	 3 25.848214	  
0	 0	 9.680556	 3 9.680556	 
1	 0	 38.928571	 3 38.928571	  
1	 1	 13.496528	 3 13.496528	 
1	 1	 62.781250	 3 43.992560	 
0	 1	 28.187500	 3 21.169643	  
1	 4	 55.531250	 3 22.169643	 
0	 1	 29.750000	 3 28.968750	 
0	 1	 51.343750	 3 34.709821	 
0	 1	 38.097222	 3 38.097222	  
1	 2	 36.000000	 3 34.223214	 
0	 4	 27.656250	 3 27.656250	  
1	 1	 19.785714	 3 18.401786	 
1	 1	 71.156250	 3 71.156250	 	 
1	 1	 48.495536	 3 48.495536	 
1	 1	 50.333333	 3 23.910714	 
1	 0	 45.291071	 3 22.107143	  
1	 1	 45.843750	 3 32.562500	 
1	 1	 51.046131	 3 49.888889	 
1	 3	 51.406250	 3 33.812500	 	 
1	 1	 17.843750	 3 17.843750	 
1	 1	 34.531250	 3 14.347222	 
1	 1	 65.897321	 3 62.800000	 
0	 1	 16.416667	 3 6.812500	 
1	 3	 46.430556	 3 31.396329	 	 
0	 2	 18.669643	 3 10.125000	  
0	 1	 4.558036	 3 4.558036	 
0	 1	 41.982143	 3 39.299107	 
1	 1	 55.062500	 3 50.163194	 
1	 1	 25.740079	 3 24.577778	 	 
1	 1	 51.575893	 3 39.526786	 
0	 1	 57.694444	 3 53.756944	 
0	 1	 55.187500	 3 55.187500	  
0	 1	 40.973214	 3 40.973214	 
1	 1	 40.333333	 3 17.583333	 
1	 1	 21.000000	 3 21.000000	 
1	 1	 10.050000	 3 10.050000	 	 
1	 1	 16.770833	 3 14.850694	 
0	 2	 34.511905	 3 22.347222	 
1	 3	 54.594742	 3 35.857639	 
1	 1	 58.282639	 3 38.000000	 
1	 1	 53.850694	 3 30.052083	 
1	 1	 58.562500	 3 49.024306	 
0	 1	 69.101687	 3 43.264881	 
1	 1	 38.857639	 3 38.857639	  
1	 2	 15.495536	 3 15.495536	 
0	 1	 56.420635	 3 56.420635	  
1	 0	 48.600694	 3 48.600694	 
1	 1	 22.531250	 3 21.361111	 
0	 1	 21.256944	 3 16.722222	 	 
1	 1	 45.649306	 3 13.684028	  
1	 1	 50.739583	 3 50.739583	 
0	 1	 32.052083	 3 22.675099	 
0	 0	 70.618056	 3 24.868056	 
0	 1	 11.093750	 3 11.093750	  
0	 1	 54.079861	 3 27.562500	 
1	 1	 38.843750	 3 37.020833	  
0	 1	 45.315972	 3 25.326389	 
0	 2	 42.969246	 3 17.996528	 
1	 1	 72.835417	 3 41.687500	 
0	 1	 54.472222	 3 51.940972	 
1	 1	 71.277778	 3 68.361111	 
1	 1	 58.791667	 3 37.694444	 
1	 1	 51.625000	 3 46.244643	 
0	 0	 48.687500	 3 31.406250	 
0	 0	 11.861607	 3 9.968750	 
1	 0	 12.767857	 3 11.638393	  
1	 1	 48.455357	 3 31.090278	 
0	 1	 52.579861	 3 33.781250	 	 
0	 0	 74.906250	 3 32.973214	 
1	 2	 59.772321	 3 31.704861	 
1	 1	 48.562500	 3 48.562500	 
0	 1	 56.250000	 3 26.875000	 
1	 1	 14.758929	 3 14.758929	 	 
0	 1	 45.598214	 3 23.575397	  
1	 2	 53.245536	 3 33.406250	  
0	 3	 58.144841	 3 4.857143	 
1	 1	 33.770833	3 33.770833	 
1	 1	 58.223214	 3 58.223214	 
1	 2	 69.316964	 3 56.906250	 	 
0	 1	 61.062500	 3 61.062500	  
0	 1	 52.790179	 3 27.218750	 
0	 4	 25.812500	 3 20.125000	  
1	 1	 32.433036	 3 32.433036	 
0	 4	 55.943452	 3 26.552083	 
0	 2	 46.906250	 3 11.334821	 
1	 3	 25.848214	 3 25.848214	  
0	 0	 9.680556	 3 9.680556	 
1	 0	 38.928571	 3 38.928571	  
1	 1	 13.496528	 3 13.496528	 
1	 1	 62.781250	 3 43.992560	 
0	 1	 28.187500	 3 21.169643	  
1	 4	 55.531250	 3 22.169643	 
0	 1	 29.750000	 3 28.968750	 
0	 1	 51.343750	 3 34.709821	 
0	 1	 38.097222	 3 38.097222	  
1	 2	 36.000000	 3 34.223214	 
0	 4	 27.656250	 3 27.656250	  
1	 1	 19.785714	 3 18.401786	 
1	 1	 71.156250	 3 71.156250	 	 
1	 1	 48.495536	 3 48.495536	 
1	 1	 50.333333	 3 23.910714	 
1	 0	 45.291071	 3 22.107143	  
1	 1	 45.843750	 3 32.562500	 
1	 1	 51.046131	 3 49.888889	 
1	 3	 51.406250	 3 33.812500	 	 
1	 1	 17.843750	 3 17.843750	 
1	 1	 34.531250	 3 14.347222	 
1	 1	 65.897321	 3 62.800000	 
0	 1	 16.416667	 3 6.812500	 	 