         0    2.0000   27.5223   2 27.5223
         0    1.0000   63.1528   2 45.4792
         0    3.0000   51.3036   2 36.5714
         0    2.0000   45.3214   2 31.5382
         0    1.0000   33.7411   2 23.8437
    1.0000    2.0000   17.4063   2 17.4063
         0    2.0000   50.2564   2 38.3125
         0    3.0000   49.6354   2 34.0625
    1.0000    4.0000   19.9554   2 19.9554
         0    2.0000   66.8750   2 66.1121
         0    4.0000   65.0938   2 65.0938
    1.0000    1.0000   23.8705   2 15.8438
    1.0000    1.0000    9.5759   2 9.5759
    1.0000    1.0000   16.2257   2 6.4028
         0    2.0000   44.1076   2 22.5972
    1.0000    2.0000   22.0382   2 22.0382
    1.0000    1.0000   20.3527   2 17.9236
    1.0000    3.0000   67.0736   2 52.2625
    1.0000    2.0000   20.6736   2 14.5313
    1.0000         0   22.5243   2 22.5243
    1.0000    3.0000   23.5486   2 23.5486
    1.0000    1.0000   29.6424   2 29.6424
         0    3.0000   52.5938   2 36.0000
         0    3.0000   21.5729   2 16.1875
    1.0000    1.0000   29.4375   2 26.9911
    1.0000    3.0000   36.5313   2 36.5313
    1.0000    1.0000   24.4246   2 24.4246
         0    2.0000   14.2500   2 14.2500
         0    1.0000   64.8958   2 56.4271
         0    2.0000   57.1314   2 42.7327
         0    1.0000   48.0139   2  7.9201
         0         0   54.1235   2 39.2188
         0    3.0000   56.0714   2 36.3125
         0    1.0000   42.8869   2 19.6250
         0    3.0000   57.2049   2 49.8368
         0    2.0000   30.1250   2 10.9375
         0    1.0000   29.2153   2 20.5838
    1.0000    2.0000   25.9583   2 25.1667
    1.0000    2.0000   22.8889   2 22.8889
    1.0000    3.0000    7.5556   2 6.2014
    1.0000    2.0000   28.4945   2 21.2986
         0    1.0000   29.3021   2 29.3021
    1.0000    3.0000   23.7743   2 13.7708
         0    4.0000   35.7014   2  9.6482
         0         0   34.1488   2 34.1488
         0    2.0000   68.5625   2 68.5625
         0    1.0000   69.6563   2 69.0521
         0    2.0000   66.7708   2 28.8055
    1.0000    1.0000   32.4772   2 30.8750
    1.0000    3.0000   18.6632   2 18.6632
         0    4.0000   39.1518   2 17.9063
         0    3.0000   29.1429   2 19.6429
         0    4.0000   65.1920   2 31.3403
         0    2.0000   31.5804   2 31.5804
    1.0000    1.0000   48.5625   2 14.7589
         0    2.0000   32.2411   2 32.2411
         0    3.0000   52.1741   2 34.5000
    1.0000    2.0000   64.5357   2 40.2624
    1.0000    1.0000   14.9063   2 14.9063
    1.0000    1.0000   11.3125   2 11.3125
    1.0000    2.0000   17.3229   2 12.7187
         0    1.0000   65.8229   2 22.7570
         0    1.0000   46.7708   2 29.1205
         0    2.0000   53.5223   2 27.9732
         0    3.0000   36.8125   2 28.0625
         0    4.0000   29.4092   2 18.5402
         0    2.0000   54.8705   2 40.9732
         0    2.0000   43.5223   2 43.5223
    1.0000    3.0000   66.1563   2 66.1563
         0    1.0000   30.1563   2 27.2812
    1.0000         0   31.0402   2 31.0402
    1.0000    1.0000   13.5000   2 13.5000
    1.0000    1.0000   67.7326   2 41.8333
    1.0000    1.0000   40.1250   2 40.1250
    1.0000    1.0000   31.8244   2 31.8244
         0    4.0000   39.4107   2 33.3437
    1.0000    2.0000   26.1820   2 26.1820
    1.0000    3.0000   51.6915   2 37.0937
         0    1.0000   35.5625   2 29.2679
    1.0000    1.0000   58.2143   2 29.2991
         0         0   49.3125   2 35.2813
         0    1.0000   26.9911   2 26.9911
         0    1.0000   28.2321   2 23.0625
         0    2.0000   64.8527   2 31.2232
         0    3.0000   66.2813   2 48.7778
         0    2.0000   34.8750   2 34.8750
    1.0000    1.0000   65.9955   2 27.3750
         0    1.0000   32.7813   2 12.6875
         0    1.0000   68.4688   2 45.8705
         0    4.0000   61.6339   2 33.6945
    1.0000    1.0000   10.7946   2 10.7946
         0         0   32.6319   2 28.4653
         0    2.0000   49.2108   2 38.5833
         0    3.0000   53.0417   2 23.1667
    1.0000    2.0000   66.9583   2 66.9583
         0    1.0000   62.9306   2 30.2545
         0    1.0000   36.4306   2 36.4306
    1.0000    4.0000   67.5313   2 27.8750
    1.0000    3.0000   31.8795   2 31.8795
      0    2.0000   27.5223   2 27.5223
         0    1.0000   63.1528   2 45.4792
         0    3.0000   51.3036   2 36.5714
         0    2.0000   45.3214   2 31.5382
         0    1.0000   33.7411   2 23.8437
    1.0000    2.0000   17.4063   2 17.4063
         0    2.0000   50.2564   2 38.3125
         0    3.0000   49.6354   2 34.0625
    1.0000    4.0000   19.9554   2 19.9554
         0    2.0000   66.8750   2 66.1121
         0    4.0000   65.0938   2 65.0938
    1.0000    1.0000   23.8705   2 15.8438
    1.0000    1.0000    9.5759   2 9.5759
    1.0000    1.0000   16.2257   2 6.4028
         0    2.0000   44.1076   2 22.5972
    1.0000    2.0000   22.0382   2 22.0382
    1.0000    1.0000   20.3527   2 17.9236
    1.0000    3.0000   67.0736   2 52.2625
    1.0000    2.0000   20.6736   2 14.5313
    1.0000         0   22.5243   2 22.5243
    1.0000    3.0000   23.5486   2 23.5486
    1.0000    1.0000   29.6424   2 29.6424
         0    3.0000   52.5938   2 36.0000
         0    3.0000   21.5729   2 16.1875
    1.0000    1.0000   29.4375   2 26.9911
    1.0000    3.0000   36.5313   2 36.5313
    1.0000    1.0000   24.4246   2 24.4246
         0    2.0000   14.2500   2 14.2500
         0    1.0000   64.8958   2 56.4271
         0    2.0000   57.1314   2 42.7327
         0    1.0000   48.0139   2  7.9201
         0         0   54.1235   2 39.2188
         0    3.0000   56.0714   2 36.3125
         0    1.0000   42.8869   2 19.6250
         0    3.0000   57.2049   2 49.8368
         0    2.0000   30.1250   2 10.9375
         0    1.0000   29.2153   2 20.5838
    1.0000    2.0000   25.9583   2 25.1667
    1.0000    2.0000   22.8889   2 22.8889
    1.0000    3.0000    7.5556   2 6.2014
    1.0000    2.0000   28.4945   2 21.2986
         0    1.0000   29.3021   2 29.3021
    1.0000    3.0000   23.7743   2 13.7708
         0    4.0000   35.7014   2  9.6482
         0         0   34.1488   2 34.1488
         0    2.0000   68.5625   2 68.5625
         0    1.0000   69.6563   2 69.0521
         0    2.0000   66.7708   2 28.8055
    1.0000    1.0000   32.4772   2 30.8750
    1.0000    3.0000   18.6632   2 18.6632
         0    4.0000   39.1518   2 17.9063
         0    3.0000   29.1429   2 19.6429
         0    4.0000   65.1920   2 31.3403
         0    2.0000   31.5804   2 31.5804
    1.0000    1.0000   48.5625   2 14.7589
         0    2.0000   32.2411   2 32.2411
         0    3.0000   52.1741   2 34.5000
    1.0000    2.0000   64.5357   2 40.2624
    1.0000    1.0000   14.9063   2 14.9063
    1.0000    1.0000   11.3125   2 11.3125
    1.0000    2.0000   17.3229   2 12.7187
         0    1.0000   65.8229   2 22.7570
         0    1.0000   46.7708   2 29.1205
         0    2.0000   53.5223   2 27.9732
         0    3.0000   36.8125   2 28.0625
         0    4.0000   29.4092   2 18.5402
         0    2.0000   54.8705   2 40.9732
         0    2.0000   43.5223   2 43.5223
    1.0000    3.0000   66.1563   2 66.1563
         0    1.0000   30.1563   2 27.2812
    1.0000         0   31.0402   2 31.0402
    1.0000    1.0000   13.5000   2 13.5000
    1.0000    1.0000   67.7326   2 41.8333
    1.0000    1.0000   40.1250   2 40.1250
    1.0000    1.0000   31.8244   2 31.8244
         0    4.0000   39.4107   2 33.3437
    1.0000    2.0000   26.1820   2 26.1820
    1.0000    3.0000   51.6915   2 37.0937
         0    1.0000   35.5625   2 29.2679
    1.0000    1.0000   58.2143   2 29.2991
         0         0   49.3125   2 35.2813
         0    1.0000   26.9911   2 26.9911
         0    1.0000   28.2321   2 23.0625
         0    2.0000   64.8527   2 31.2232
         0    3.0000   66.2813   2 48.7778
         0    2.0000   34.8750   2 34.8750
    1.0000    1.0000   65.9955   2 27.3750
         0    1.0000   32.7813   2 12.6875
         0    1.0000   68.4688   2 45.8705
         0    4.0000   61.6339   2 33.6945
    1.0000    1.0000   10.7946   2 10.7946
         0         0   32.6319   2 28.4653
         0    2.0000   49.2108   2 38.5833
         0    3.0000   53.0417   2 23.1667
    1.0000    2.0000   66.9583   2 66.9583
         0    1.0000   62.9306   2 30.2545
         0    1.0000   36.4306   2 36.4306
    1.0000    4.0000   67.5313   2 27.8750
    1.0000    3.0000   31.8795   2 31.8795
         0    2.0000   27.5223   2 27.5223
      0    2.0000   27.5223   2 27.5223