0 2 54.944444 0.822712 10
0 2 55.333333 0.100000 38
0 2 58.425265 0.721903 14
0 3 56.472222 0.686178 16
0 2 51.232143 0.100000 38
0 3 56.950000 0.910754 4
0 2 50.342593 0.400000 26
0 3 50.481481 0.600000 16
0 3 57.083333 0.963077 4
0 2 51.518519 0.600000 18
0 3 51.800926 0.456439 24
0 2 59.460979 0.841199 10
0 2 56.500000 0.179610 38
0 3 52.016534 0.681674 16
0 3 56.761905 0.737731 12
0 3 54.481481 0.930744 4
0 2 58.986111 1.000000 0
0 2 58.029762 0.663812 18
0 3 59.416667 0.228138 32
0 2 54.509259 0.929921 6
0 2 56.564815 0.397204 30
0 2 53.589286 0.455979 26
0 2 55.315476 1.000000 0
0 3 57.916667 0.934551 4
0 2 57.946429 0.700000 14
0 3 52.315476 0.615656 16
0 2 57.476190 0.734896 14
0 3 53.291667 0.512119 20
0 3 50.458333 0.500000 20
0 2 53.541667 0.846154 10
0 2 56.013889 0.280384 34
0 3 56.486111 0.771736 12
0 2 54.863095 0.612130 18
0 3 56.916667 0.756208 12
0 2 54.910714 0.607913 18
0 2 51.791667 0.993021 6
0 3 53.416667 0.749377 12
0 2 57.643519 0.630758 18
0 2 56.375000 1.000000 0
0 2 59.921958 0.540010 22
0 2 59.476190 0.487990 26
0 3 50.041667 0.709766 12
0 3 57.154762 1.000000 0
0 3 57.517857 0.773740 12
0 3 59.125000 0.800000 8
0 3 51.678571 0.700000 12
0 2 59.531085 0.880106 10
0 3 53.314815 0.423845 24
0 3 56.740741 0.100000 36
1 2 54.944444 0.822712 10
1 2 55.333333 0.100000 38
1 2 58.425265 0.721903 14
1 3 56.472222 0.686178 16
1 2 51.232143 0.100000 38
1 3 56.950000 0.910754 4
1 2 50.342593 0.400000 26
1 3 50.481481 0.600000 16
1 3 57.083333 0.963077 4
1 2 51.518519 0.600000 18
1 3 51.800926 0.456439 24
1 2 59.460979 0.841199 10
1 2 56.500000 0.179610 38
1 3 52.016534 0.681674 16
1 3 56.761905 0.737731 12
1 3 54.481481 0.930744 4
1 2 58.986111 1.000000 0
1 2 58.029762 0.663812 18
1 3 59.416667 0.228138 32
1 2 54.509259 0.929921 6
1 2 56.564815 0.397204 30
1 2 53.589286 0.455979 26
1 2 55.315476 1.000000 0
1 3 57.916667 0.934551 4
1 2 57.946429 0.700000 14
1 3 52.315476 0.615656 16
1 2 57.476190 0.734896 14
1 3 53.291667 0.512119 20
1 3 50.458333 0.500000 20
1 2 53.541667 0.846154 10
1 2 56.013889 0.280384 34
1 3 56.486111 0.771736 12
1 2 54.863095 0.612130 18
1 3 56.916667 0.756208 12
1 2 54.910714 0.607913 18
1 2 51.791667 0.993021 6
1 3 53.416667 0.749377 12
1 2 57.643519 0.630758 18
1 2 56.375000 1.000000 0
1 2 59.921958 0.540010 22
1 2 59.476190 0.487990 26
1 3 50.041667 0.709766 12
1 3 57.154762 1.000000 0
1 3 57.517857 0.773740 12
1 3 59.125000 0.800000 8
1 3 51.678571 0.700000 12
1 2 59.531085 0.880106 10
1 3 53.314815 0.423845 24
1 3 56.740741 0.100000 36

0 1 34.944444 0.822712 4
0 2 35.333333 0.100000 17
0 2 38.425265 0.721903 5
0 2 36.472222 0.686178 7
0 1 31.232143 0.100000 18
0 2 36.950000 0.910754 1
0 2 30.342593 0.400000 8
0 1 30.481481 0.600000 8
0 1 37.083333 0.963077 2
0 1 31.518519 0.600000 8
0 1 31.800926 0.456439 12
0 2 39.460979 0.841199 3
0 1 36.500000 0.179610 18
0 1 32.016534 0.681674 8
0 1 36.761905 0.737731 6
0 1 34.481481 0.930744 2
0 2 38.986111 1.000000 0
0 2 38.029762 0.663812 7
0 1 39.416667 0.228138 16
0 1 34.509259 0.929921 2
0 1 36.564815 0.397204 14
0 2 33.589286 0.455979 11
0 2 35.315476 1.000000 0
0 1 37.916667 0.934551 2
0 2 37.946429 0.700000 5
0 1 32.315476 0.615656 8
0 2 37.476190 0.734896 5
0 1 33.291667 0.512119 10
0 1 30.458333 0.500000 10
0 2 33.541667 0.846154 3
0 1 36.013889 0.280384 16
0 1 36.486111 0.771736 6
0 2 34.863095 0.612130 7
0 2 36.916667 0.756208 5
0 2 34.910714 0.607913 7
0 2 31.791667 0.993021 1
0 1 33.416667 0.749377 6
0 1 37.643519 0.630758 8
0 1 36.375000 1.000000 0
0 1 39.921958 0.540010 10
0 2 39.476190 0.487990 11
0 2 30.041667 0.709766 5
0 1 37.154762 1.000000 0
0 1 37.517857 0.773740 6
0 2 39.125000 0.800000 3
0 1 31.678571 0.700000 6
0 2 39.531085 0.880106 3
0 1 33.314815 0.423845 12
0 1 36.740741 0.100000 18
1 1 34.944444 0.822712 8
1 2 35.333333 0.100000 34
1 2 38.425265 0.721903 10
1 2 36.472222 0.686178 14
1 1 31.232143 0.100000 36
1 2 36.950000 0.910754 2
1 2 30.342593 0.400000 16
1 1 30.481481 0.600000 16
1 1 37.083333 0.963077 4
1 1 31.518519 0.600000 16
1 1 31.800926 0.456439 24
1 2 39.460979 0.841199 6
1 1 36.500000 0.179610 36
1 1 32.016534 0.681674 16
1 1 36.761905 0.737731 12
1 1 34.481481 0.930744 4
1 2 38.986111 1.000000 0
1 2 38.029762 0.663812 14
1 1 39.416667 0.228138 32
1 1 34.509259 0.929921 4
1 1 36.564815 0.397204 28
1 2 33.589286 0.455979 22
1 2 35.315476 1.000000 0
1 1 37.916667 0.934551 4
1 2 37.946429 0.700000 10
1 1 32.315476 0.615656 16
1 2 37.476190 0.734896 10
1 1 33.291667 0.512119 20
1 1 30.458333 0.500000 20
1 2 33.541667 0.846154 6
1 1 36.013889 0.280384 32
1 1 36.486111 0.771736 12
1 2 34.863095 0.612130 14
1 2 36.916667 0.756208 10
1 2 34.910714 0.607913 14
1 2 31.791667 0.993021 2
1 1 33.416667 0.749377 12
1 1 37.643519 0.630758 16
1 1 36.375000 1.000000 0
1 1 39.921958 0.540010 20
1 2 39.476190 0.487990 22
1 2 30.041667 0.709766 10
1 1 37.154762 1.000000 0
1 1 37.517857 0.773740 12
1 2 39.125000 0.800000 6
1 1 31.678571 0.700000 12
1 2 39.531085 0.880106 6
1 1 33.314815 0.423845 24
1 1 36.740741 0.100000 36

0 2 54.944444 0.822712 10
0 2 55.333333 0.100000 38
0 2 58.425265 0.721903 14
0 3 56.472222 0.686178 16
0 2 51.232143 0.100000 38
0 3 56.950000 0.910754 4
0 2 50.342593 0.400000 26
0 3 50.481481 0.600000 16
0 3 57.083333 0.963077 4
0 2 51.518519 0.600000 18
0 3 51.800926 0.456439 24
0 2 59.460979 0.841199 10
0 2 56.500000 0.179610 38
0 3 52.016534 0.681674 16
0 3 56.761905 0.737731 12
0 3 54.481481 0.930744 4
0 2 58.986111 1.000000 0
0 2 58.029762 0.663812 18
0 3 59.416667 0.228138 32
0 2 54.509259 0.929921 6
0 2 56.564815 0.397204 30
0 2 53.589286 0.455979 26
0 2 55.315476 1.000000 0
0 3 57.916667 0.934551 4
0 2 57.946429 0.700000 14
0 3 52.315476 0.615656 16
0 2 57.476190 0.734896 14
0 3 53.291667 0.512119 20
0 3 50.458333 0.500000 20
0 2 53.541667 0.846154 10
0 2 56.013889 0.280384 34
0 3 56.486111 0.771736 12
0 2 54.863095 0.612130 18
0 3 56.916667 0.756208 12
0 2 54.910714 0.607913 18
0 2 51.791667 0.993021 6
0 3 53.416667 0.749377 12
0 2 57.643519 0.630758 18
0 2 56.375000 1.000000 0
0 2 59.921958 0.540010 22
0 2 59.476190 0.487990 26
0 3 50.041667 0.709766 12
0 3 57.154762 1.000000 0
0 3 57.517857 0.773740 12
0 3 59.125000 0.800000 8
0 3 51.678571 0.700000 12
0 2 59.531085 0.880106 10
0 3 53.314815 0.423845 24
0 3 56.740741 0.100000 36
1 2 54.944444 0.822712 10
1 2 55.333333 0.100000 38
1 2 58.425265 0.721903 14
1 3 56.472222 0.686178 16
1 2 51.232143 0.100000 38
1 3 56.950000 0.910754 4
1 2 50.342593 0.400000 26
1 3 50.481481 0.600000 16
1 3 57.083333 0.963077 4
1 2 51.518519 0.600000 18
1 3 51.800926 0.456439 24
1 2 59.460979 0.841199 10
1 2 56.500000 0.179610 38
1 3 52.016534 0.681674 16
1 3 56.761905 0.737731 12
1 3 54.481481 0.930744 4
1 2 58.986111 1.000000 0
1 2 58.029762 0.663812 18
1 3 59.416667 0.228138 32
1 2 54.509259 0.929921 6
1 2 56.564815 0.397204 30
1 2 53.589286 0.455979 26
1 2 55.315476 1.000000 0
1 3 57.916667 0.934551 4
1 2 57.946429 0.700000 14
1 3 52.315476 0.615656 16
1 2 57.476190 0.734896 14
1 3 53.291667 0.512119 20
1 3 50.458333 0.500000 20
1 2 53.541667 0.846154 10
1 2 56.013889 0.280384 34
1 3 56.486111 0.771736 12
1 2 54.863095 0.612130 18
1 3 56.916667 0.756208 12
1 2 54.910714 0.607913 18
1 2 51.791667 0.993021 6
1 3 53.416667 0.749377 12
1 2 57.643519 0.630758 18
1 2 56.375000 1.000000 0
1 2 59.921958 0.540010 22
1 2 59.476190 0.487990 26
1 3 50.041667 0.709766 12
1 3 57.154762 1.000000 0
1 3 57.517857 0.773740 12
1 3 59.125000 0.800000 8
1 3 51.678571 0.700000 12
1 2 59.531085 0.880106 10
1 3 53.314815 0.423845 24
1 3 56.740741 0.100000 36