0	 2	 27.522321	 1 27.522321	 
0	 1	 60.125000	 1 60.125000	 
1	 4	 3.800000	 1 3.800000	 
0	 3	 35.272321	 1 35.272321	 
1	 2	 16.479167	 1 16.479167	 
0	 2	 45.321429	 1 31.538194	 
0	 4	 44.266369	 1 44.266369	 
0	 1	 66.312500	 1 55.663194	 	 
0	 4	 42.000000	 1 42.000000	 
1	 2	 67.214286	 1 57.745536	 
1	 2	 26.281250	 1 23.000000	 
0	 2	 65.770337	 1 35.343750	  
1	 4	 23.156250	 1 23.156250	 
1	 2	 19.500000	 1 10.983333	 	 
0	 4	 47.227679	 1 41.227679	 
1	 1	 15.312500	 1 15.312500	 
1	 1	 12.888393	 1 10.562500	 
1	 1	 31.208333	 1 31.208333	 
1	 2	 13.086806	 1 13.086806	 
1	 1	 25.214286	 1 23.572917	 
1	 3	 40.195139	 1 40.195139	 
1	 2	 31.937500	 1 31.937500	 
1	 1	 4.770833	 1 3.150000	 
1	 1	 4.562500	 1 4.562500	 
1	 0	 15.929167	 1 15.929167	 
1	 0	 5.083333	 1 3.000000	 
0	 3	 37.263889	 1 37.263889	 
0	 2	 30.125000	 1 10.937500	  
0	 1	 26.484127	 1 26.484127	 
0	 2	 23.246032	 1 22.575893	 
0	 3	 36.366071	 1 20.809028	 
1	 2	 11.881944	 1 11.881944	 
1	 2	 22.451389	 1 22.451389	 
1	 3	 7.555556	 1 6.201389	 
1	 2	 17.433036	 1 17.433036	 
0	 1	 64.267361	 1 64.267361	 
1	 3	 30.364583	 1 28.930556	 
0	 4	 25.950000	 1 23.900000	 
0	 0	 34.148810	 1 34.148810	 
0	 2	 35.312500	 1 35.312500	 
0	 1	 24.961806	 1 16.913194	 
0	 1	 25.799107	 1 25.799107	 
0	 2	 65.732639	 1 65.611111	 
1	 1	 32.477183	 1 30.875000	 
1	 0	 68.138889	 1 67.718750	 
0	 4	 67.734127	 1 67.734127	 
0	 3	 67.468750	 1 67.468750	 
0	 4	 60.370536	 1 60.370536	 
0	 2	 67.455357	 1 67.455357	 
1	 1	 53.437500	 1 14.245536	 
0	 2	 63.625000	 1 63.625000	 
0	 3	 65.767857	 1 65.767857	 
0	 1	 66.696429	 1 16.062500	 
1	 2	 13.504464	 1 12.788194	 
0	 3	 13.593750	 1 13.593750	 
1	 1	 26.343750	 1 26.343750	 
1	 1	 15.531250	 1 15.531250	 
0	 1	 58.897817	 1 52.989583	 
0	 1	 65.312500	 1 53.361111	 
1	 4	 11.375000	 1 11.375000	 
1	 2	 27.656250	 1 20.312500	 
0	 1	 54.906250	 1 54.298115	 
1	 3	 33.304167	 1 30.645833	 
0	 3	 31.066964	 1 31.066964	 
0	 1	 67.843750	 1 67.843750	 
0	 2	 62.591270	 1 62.591270	 
0	 4	 64.218750	 1 49.678571	 
0	 3	 66.446429	 1 66.446429	 
0	 4	 67.123016	 1 66.562500	 
0	 2	 24.383333	 1 24.383333	 
0	 2	 27.450893	 1 27.450893	 
1	 1	 68.906250	 1 68.299107	 
0	 1	 69.593750	 1 57.218750	 
0	 4	 67.964286	 1 67.964286	 
1	 1	 30.218750	 1 22.704861	 
0	 1	 32.184524	 1 27.663690	  
1	 1	 31.125000	 1 31.125000	 
1	 1	 66.781250	 1 63.299107	 
0	 3	 66.116071	 1 65.794643	 
1	 1	 12.375000	 1 12.375000	 
0	 1	 25.482143	 1 22.142857	 
1	 1	 11.450893	 1 11.450893	 
0	 0	 27.687500	 1 27.687500	 
0	 1	 22.875000	 1 22.875000	 
0	 1	 22.546131	 1 21.504464	 
0	 0	 68.329861	 1 66.770833	 
0	 2	 66.301587	 1 58.906250	 
0	 3	 65.732639	 1 64.869544	 
1	 2	 5.000000	 1 5.000000	 
0	 1	 62.930556	 1 30.254464	 
0	 1	 66.690972	 1 65.621528
0	 2	 27.522321	 1 27.522321	 
0	 1	 60.125000	 1 60.125000	 
1	 4	 3.800000	 1 3.800000	 
0	 3	 35.272321	 1 35.272321	 
1	 2	 16.479167	 1 16.479167	 
0	 2	 45.321429	 1 31.538194	 
0	 4	 44.266369	 1 44.266369	 
0	 1	 66.312500	 1 55.663194	 	 
0	 4	 42.000000	 1 42.000000	 
1	 2	 67.214286	 1 57.745536	 
1	 2	 26.281250	 1 23.000000	 
0	 2	 65.770337	 1 35.343750	  
1	 4	 23.156250	 1 23.156250	 
1	 2	 19.500000	 1 10.983333	 	 
0	 4	 47.227679	 1 41.227679	 
1	 1	 15.312500	 1 15.312500	 
1	 1	 12.888393	 1 10.562500	 
1	 1	 31.208333	 1 31.208333	 
1	 2	 13.086806	 1 13.086806	 
1	 1	 25.214286	 1 23.572917	 
1	 3	 40.195139	 1 40.195139	 
1	 2	 31.937500	 1 31.937500	 
1	 1	 4.770833	 1 3.150000	 
1	 1	 4.562500	 1 4.562500	 
1	 0	 15.929167	 1 15.929167	 
1	 0	 5.083333	 1 3.000000	 
0	 3	 37.263889	 1 37.263889	 
0	 2	 30.125000	 1 10.937500	  
0	 1	 26.484127	 1 26.484127	 
0	 2	 23.246032	 1 22.575893	 
0	 3	 36.366071	 1 20.809028	 
1	 2	 11.881944	 1 11.881944	 
1	 2	 22.451389	 1 22.451389	 
1	 3	 7.555556	 1 6.201389	 
1	 2	 17.433036	 1 17.433036	 
0	 1	 64.267361	 1 64.267361	 
1	 3	 30.364583	 1 28.930556	 
0	 4	 25.950000	 1 23.900000	 
0	 0	 34.148810	 1 34.148810	 
0	 2	 35.312500	 1 35.312500	 
0	 1	 24.961806	 1 16.913194	 
0	 1	 25.799107	 1 25.799107	 
0	 2	 65.732639	 1 65.611111	 
1	 1	 32.477183	 1 30.875000	 
1	 0	 68.138889	 1 67.718750	 
0	 4	 67.734127	 1 67.734127	 
0	 3	 67.468750	 1 67.468750	 
0	 4	 60.370536	 1 60.370536	 
0	 2	 67.455357	 1 67.455357	 
1	 1	 53.437500	 1 14.245536	 
0	 2	 63.625000	 1 63.625000	 
0	 3	 65.767857	 1 65.767857	 
0	 1	 66.696429	 1 16.062500	 
1	 2	 13.504464	 1 12.788194	 
0	 3	 13.593750	 1 13.593750	 
1	 1	 26.343750	 1 26.343750	 
1	 1	 15.531250	 1 15.531250	 
0	 1	 58.897817	 1 52.989583	 
0	 1	 65.312500	 1 53.361111	 
1	 4	 11.375000	 1 11.375000	 
1	 2	 27.656250	 1 20.312500	 
0	 1	 54.906250	 1 54.298115	 
1	 3	 33.304167	 1 30.645833	 
0	 3	 31.066964	 1 31.066964	 
0	 1	 67.843750	 1 67.843750	 
0	 2	 62.591270	 1 62.591270	 
0	 4	 64.218750	 1 49.678571	 
0	 3	 66.446429	 1 66.446429	 
0	 4	 67.123016	 1 66.562500	 
0	 2	 24.383333	 1 24.383333	 
0	 2	 27.450893	 1 27.450893	 
1	 1	 68.906250	 1 68.299107	 
0	 1	 69.593750	 1 57.218750	 
0	 4	 67.964286	 1 67.964286	 
1	 1	 30.218750	 1 22.704861	 
0	 1	 32.184524	 1 27.663690	  
1	 1	 31.125000	 1 31.125000	 
1	 1	 66.781250	 1 63.299107	 
0	 3	 66.116071	 1 65.794643	 
1	 1	 12.375000	 1 12.375000	 
0	 1	 25.482143	 1 22.142857	 
1	 1	 11.450893	 1 11.450893	 
0	 0	 27.687500	 1 27.687500	 
0	 1	 22.875000	 1 22.875000	 
0	 1	 22.546131	 1 21.504464	 
0	 0	 68.329861	 1 66.770833	 
0	 2	 66.301587	 1 58.906250	 
0	 3	 65.732639	 1 64.869544	 
1	 2	 5.000000	 1 5.000000	 
0	 1	 62.930556	 1 30.254464	 
0	 1	 66.690972	 1 65.621528 
0	 1	 60.125000	 1 60.125000	 
1	 4	 3.800000	 1 3.800000	 
0	 3	 35.272321	 1 35.272321	 
1	 2	 16.479167	 1 16.479167	 
0	 2	 45.321429	 1 31.538194	 
0	 4	 44.266369	 1 44.266369	 
0	 1	 66.312500	 1 55.663194	 	 
0	 4	 42.000000	 1 42.000000	 
1	 2	 67.214286	 1 57.745536	 
1	 2	 26.281250	 1 23.000000	 
0	 2	 65.770337	 1 35.343750	  
1	 4	 23.156250	 1 23.156250	 
1	 2	 19.500000	 1 10.983333	 	 
0	 4	 47.227679	 1 41.227679	 
1	 1	 15.312500	 1 15.312500	 
1	 1	 12.888393	 1 10.562500	 
1	 1	 31.208333	 1 31.208333	 
1	 2	 13.086806	 1 13.086806	 	 	 